100
497 91
744 91
912 68
555 27
1000 95
1000 97
440 28
537 11
81 39
871 75
772 5
1000 96
500 44
285 29
592 91
906 56
1000 2
494 92
317 36
252 96
226 22
1000 3
508 54
779 34
748 77
93 3
642 34
2 50
755 11
70 56
1000 98
758 85
915 30
959 86
398 61
580 93
582 60
583 72
279 28
289 65
728 33
2 97
1000 4
3 10
565 89
446 2
2 1
387 98
793 69
30 46
452 71
838 46
277 79
2 4
424 35
509 10
439 40
551 71
837 81
1000 5
270 26
958 86
892 10
824 54
383 4
950 95
2 98
801 16
2 95
1000 99
443 91
744 3
177 61
204 41
930 46
808 71
1000 1
2 2
635 54
712 1
2 96
908 56
924 39
108 30
2 5
289 48
716 10
875 93
397 40
665 37
355 11
918 38
2 99
264 31
125 51
865 5
61 39
451 5
13 37
2 3
